parameters by using "14th dec HPPC test data"

 R0 = [0.036621;0.040768;0.04775;0.037786;0.035075;0.041186;0.047695;0.047723;0.054926;0.054345]
 R1 = [0.00043538;0.00068453;0.00049901;0.00040751;0.00043604;0.0006564;0.00038374;0.00090375;0.00097258;0.0009557]
 R2 = [0.00050298;0.0004611;0.00023684;0.00052969;0.00021357;0.00051605;0.00028266;0.00048081;0.00068874;0.00023617]
 tau1 = [3.8255;9.2579;9.4694;8.5954;13.958;7.4267;14.147;13.418;10.969;3.4273]
 tau2 = [61.444;87.355;48.365;50.59;156.55;75.1;67.991;69.311;91.664;38.426]
 tau3 = [8722.2;1702;6465.4;1248.8;6720.9;4794.4;549.1;201.1;950.1;638.58]


parameters by using "2C HPPC test data"
